loss: 0.00013957048940937966
acc: 1.0
recall: 0.3076923191547394
flscore: 0.3076923191547394
