loss: 4443.7470703125
acc: 0.7530864477157593
recall: 0.012133698910474777
flscore: 0.02270193211734295
