loss: 9.786308510228992e-05
acc: 1.0
recall: 0.3076923191547394
flscore: 0.3076923191547394
