loss: 7472.916015625
acc: 0.7432098984718323
recall: 0.0
flscore: 0.0
