loss: 0.00023886383860372007
acc: 1.0
recall: 0.3076923191547394
flscore: 0.3076923191547394
