loss: 0.8369937539100647
acc: 0.936170220375061
