loss: 0.5602464079856873
acc: 0.936170220375061
