loss: 0.742017924785614
acc: 0.9365558624267578
