loss: 1.2710421085357666
acc: 0.936170220375061
