loss: 1.2263036966323853
acc: 0.9240121841430664
