loss: 0.012417040765285492
acc: 0.9977827072143555
