loss: 0.14704492688179016
acc: 0.9825242757797241
