loss: 0.1359587162733078
acc: 0.9844054579734802
