loss: 0.13662755489349365
acc: 0.9844054579734802
