loss: 0.14082038402557373
acc: 0.9844054579734802
