loss: 0.1343638300895691
acc: 0.9844054579734802
