loss: 0.05764580890536308
acc: 0.9950860142707825
