loss: 0.002157479291781783
acc: 0.9975308775901794
