loss: 0.04949364811182022
acc: 0.9925925731658936
