loss: 0.014732246287167072
acc: 0.9950617551803589
