loss: 34.14777755737305
acc: 0.2567901313304901
