loss: 0.08354845643043518
acc: 0.9885714054107666
