loss: 0.07123785465955734
acc: 0.991428554058075
