loss: 0.06953562796115875
acc: 0.991428554058075
