loss: 0.06222468242049217
acc: 0.991428554058075
