loss: 0.12262057512998581
acc: 0.9859550595283508
