loss: 0.1326945275068283
acc: 0.986138641834259
