loss: 0.17926286160945892
acc: 0.9803536534309387
