loss: 0.12024765461683273
acc: 0.986138641834259
