loss: 0.14157554507255554
acc: 0.986138641834259
