loss: 0.12298928946256638
acc: 0.986138641834259
