loss: 0.018635232001543045
acc: 0.9976580739021301
