loss: 0.6321674585342407
acc: 0.952182948589325
