loss: 0.42733266949653625
acc: 0.9563409686088562
