loss: 0.370097815990448
acc: 0.9486653208732605
