loss: 0.2909287214279175
acc: 0.9563409686088562
