loss: 0.4082006514072418
acc: 0.9563409686088562
