loss: 0.09475221484899521
acc: 0.9931192398071289
