loss: 0.06103411689400673
acc: 0.9931192398071289
