loss: 0.04789738729596138
acc: 0.9931192398071289
