loss: 0.0658736526966095
acc: 0.9931192398071289
