loss: 0.08232086151838303
acc: 0.9908466935157776
