loss: 0.004946497268974781
acc: 0.997474730014801
