loss: 0.08960912376642227
acc: 0.9973190426826477
