loss: 0.04112478345632553
acc: 0.9902912378311157
