loss: 0.3310544192790985
acc: 0.9654088020324707
