loss: 0.3447788655757904
acc: 0.9715189933776855
