loss: 0.05917559936642647
acc: 0.9905063509941101
