loss: 0.3405078649520874
acc: 0.9715189933776855
