loss: 0.23448511958122253
acc: 0.9715189933776855
