loss: 0.10008157044649124
acc: 0.9805068373680115
