loss: 0.38171279430389404
acc: 0.9454191327095032
