loss: 267.4333190917969
acc: 0.6789168119430542
