loss: 10.140292167663574
acc: 0.32163742184638977
