loss: 11.330998420715332
acc: 0.961013674736023
