loss: 10.595527648925781
acc: 0.11232876777648926
