loss: 0.004459446296095848
acc: 0.9972602725028992
