loss: 0.047630440443754196
acc: 0.9917808175086975
