loss: 0.11671483516693115
acc: 0.9833333492279053
