loss: 0.07271050661802292
acc: 0.9927710890769958
