loss: 0.06573288887739182
acc: 0.9927710890769958
