loss: 0.08604647219181061
acc: 0.9927710890769958
