loss: 0.2303842008113861
acc: 0.9855421781539917
