loss: 0.13147962093353271
acc: 0.9612141847610474
