loss: 3.6613855361938477
acc: 0.19730184972286224
