loss: 0.4238223433494568
acc: 0.878333330154419
