loss: 2.918766736984253
acc: 0.8516020178794861
