loss: 0.6034324169158936
acc: 0.9038785696029663
