loss: 0.39688989520072937
acc: 0.9734848737716675
