loss: 0.20447300374507904
acc: 0.9734848737716675
