loss: 0.18319809436798096
acc: 0.9753788113594055
