loss: 0.2307225465774536
acc: 0.9734848737716675
