loss: 0.30249905586242676
acc: 0.9716981053352356
