loss: 0.6216748952865601
acc: 0.936170220375061
