loss: 0.30598509311676025
acc: 0.936170220375061
