loss: 0.4707966148853302
acc: 0.936170220375061
