loss: 0.5381126403808594
acc: 0.9365558624267578
