loss: 0.5313760638237
acc: 0.936170220375061
