loss: 0.6733868718147278
acc: 0.9378640651702881
