loss: 0.17271701991558075
acc: 0.9864077568054199
