loss: 0.0013580810045823455
acc: 0.9980657696723938
