loss: 8.89530086517334
acc: 0.9708737730979919
