loss: 6.3619489669799805
acc: 0.9885714054107666
