loss: 0.649361789226532
acc: 0.9272030591964722
