loss: 0.858609676361084
acc: 0.9252873659133911
