loss: 0.7183451056480408
acc: 0.9204545617103577
