loss: 0.6941045522689819
acc: 0.9272030591964722
