loss: 0.6624689102172852
acc: 0.9272030591964722
