loss: 0.4924301505088806
acc: 0.9230769276618958
