loss: 0.7603232860565186
acc: 0.9230769276618958
