loss: 0.7525724768638611
acc: 0.9230769276618958
