loss: 0.6713666319847107
acc: 0.9230769276618958
