loss: 0.7659095525741577
acc: 0.9230769276618958
