loss: 0.060687363147735596
acc: 0.9844789505004883
