loss: 0.5079421997070312
acc: 0.9268292784690857
