loss: 0.09641330689191818
acc: 0.9778270721435547
