loss: 0.5362483859062195
acc: 0.9118942618370056
