loss: 1.5066288709640503
acc: 0.8869179487228394
