loss: 0.452011376619339
acc: 0.9522387981414795
