loss: 0.4504670202732086
acc: 0.9522387981414795
