loss: 0.45243772864341736
acc: 0.9522387981414795
