loss: 0.5003663897514343
acc: 0.9469026327133179
