loss: 0.46181994676589966
acc: 0.9522387981414795
