loss: 31.983898162841797
acc: 0.4000000059604645
