loss: 6.629199981689453
acc: 0.4000000059604645
