loss: 33.170310974121094
acc: 0.4000000059604645
