loss: 9.187798500061035
acc: 0.39534884691238403
