loss: 12.181184768676758
acc: 0.4000000059604645
