loss: 0.25187328457832336
acc: 0.9719626307487488
