loss: 0.2311251163482666
acc: 0.9719626307487488
