loss: 0.250983864068985
acc: 0.9719626307487488
