loss: 0.23919570446014404
acc: 0.9719626307487488
