loss: 0.37743768095970154
acc: 0.9631336331367493
