loss: 2.506364583969116
acc: 0.1876288652420044
