loss: 0.11086441576480865
acc: 0.9958763122558594
