loss: 0.03402295708656311
acc: 0.991752564907074
