loss: 104.25199890136719
acc: 0.7037773132324219
