loss: 0.016910279169678688
acc: 0.9960238337516785
