loss: 0.027850108221173286
acc: 0.9940357804298401
