loss: 29.101367950439453
acc: 0.19169960916042328
