loss: 0.1063917875289917
acc: 0.9781312346458435
