loss: 0.02046283893287182
acc: 0.9926650524139404
