loss: 6.134837627410889
acc: 0.20537897944450378
