loss: 0.031864020973443985
acc: 0.9975550174713135
