loss: 21.6220703125
acc: 0.17917676270008087
