loss: 4.923674583435059
acc: 0.20293398201465607
