loss: 0.0656595528125763
acc: 0.997802197933197
