loss: 0.046963926404714584
acc: 0.9936908483505249
