loss: 0.003650047117844224
acc: 0.9983659982681274
