loss: 323.0986633300781
acc: 0.7287581562995911
