loss: 0.9539880752563477
acc: 0.8921568393707275
