loss: 0.06267528980970383
acc: 0.9983659982681274
