loss: 1.741894245147705
acc: 0.30718955397605896
