loss: 2.5054774284362793
acc: 0.9888682961463928
