loss: 0.03657856956124306
acc: 0.9945054650306702
